0 0 39 42 41
1 0 1 66 67
2 0 30 32 33 94
4 0 10 17 18
3 0 10 2 69
5 0 1 2 36
6 0 30 38
14 0 1 2 53
8 0 1 2 3 63 116
10 0 1 2 36
7 0 1 2 36
13 0 1 2 3 63 9
9 0 1 2 36
15 0 1 7 8 9
16 0 1 7 8 9
12 0 1 2 36 119
11 0 1 2 53
20 0 1 66 67
21 0 1 2 3
19 0 1 2 3 63 9
22 0 10 2 19
18 0 1 7 8 109
23 0 1 2 36
17 0 1 2 3
24 0 1 7 8 109
25 0 39 42 41
26 0 4 110 111
28 0 30 48
27 0 30 88 98
30 0 10 11 12
29 0 10 2 19
31 0 1 2 3 63 9
32 0 1 7 8 9
36 0 35 76 77
38 0 30 38
37 0 1 2 3 63 9
34 0 1 59
39 0 30 38
33 0 1 2 36
35 0 1 2 26
43 0 1 2 3
41 0 10 17 65
40 0 35 36 50
42 0 1 7 8 109
44 0 1 2 3 63 116
45 0 1 7 8 9
46 0 30 32 33 94
47 0 1 2 3 63 9
49 0 1 2 53 74
48 0 1 2 53 74
50 0 30 32 104
52 0 35 36 50
51 0 1 2 3 63 116
53 0 1 17 156 157
54 0 10 2 19
56 0 1 2 3 63 9
55 0 1 21 22
57 0 30 45 70 71
58 0 30 32 104
59 0 1 66 67
60 0 1 7 8 82
61 0 35 36 37
62 0 1 2 36
63 0 30 32 104
65 0 30 32 113
64 0 30 32 33 94
66 0 30 88 98
67 0 1 2 3 123
68 0 1 2 125 126
69 0 1 66 90 146
70 0 30 32 113
71 0 30 32 105
74 0 1 2 53 74
72 0 1 2 53 74
73 0 1 2 53 74
75 0 1 66 67
76 0 30 38
77 0 1 2 3 63 9
78 0 10 17 65
79 0 10 17 65
80 0 1 7 8 109
81 0 30 32 33 34
82 0 1 7 8 109
83 0 1 7 8 109
84 0 1 7 8 109
85 0 1 2 167 168
86 0 1 2 36
87 0 1 7 8 9
88 0 4 13 14
89 0 1 7 8 9
90 0 1 2 36
91 0 1 7 8 9
92 0 1 7 8 82
93 0 1 2 3 63 116
94 0 1 2
96 0 1 7 8 9
95 0 1 7 8 9
97 0 1 7 8 109
98 0 1 2 36
99 0 30 38
100 0 30 38
101 0 1
103 0 1 66 90 176
102 0 30 45 46
105 0 30 60 84
104 0 1 7 8 9
106 0 30 32 106
108 0 4 164 182
107 0 1 66 134 136
111 0 1 7 8 82
109 0 1 7 8 82
110 0 1 2 36 119
112 0 39 42 43
113 0 39 42 43
114 0 30 32 148
118 0 30 32 148
117 0 30 32 33 94
116 0 30 32 33 94
115 0 30 32 148
119 0 1 66 67
121 0 1 7 8 9
120 0 1 66 67
122 0 1 2 36 119
123 0 1 66 67
124 0 30 60 84
125 0 1 66 134 136
126 0 30 49
128 0 10 57 58
127 0 10 57 58
129 0 30 88 98
132 0 10 11 12
131 0 10 57 58
130 0 10 17 18
133 0 30 38
134 0 1 66 67
135 0 1 7 8 109
136 0 1 2 53 100 192
137 0 4 54 97
138 0 1 2 53
139 0 10 2 69
140 0 1 21 99
141 0 30 88 98
142 0 30 32 148
143 0 1 2 36
144 0 30 32 104
145 0 35 61 185
146 0 30 88 186
148 0 30 88 98
150 0 30 38
147 0 1 2 26
149 0 1 7 8 9
151 0 1 2 3 63 116
152 0 35 36 37
153 0 1 7 8 9
154 0 10 57 58
155 0 1 2 26
156 0 1 2 36
157 0 4 5 6
158 0 4 54 97
159 0 1 7 8 109
160 0 1 2 26
161 0 35 36 37
162 0 1 7 8 9
163 0 35 36 37
164 0 39 42 43
165 0 1 2
166 0 30 88 96
167 0 30 45 47
168 0 10 2 69
169 0 1 7 8 9
170 0 30 38
171 0 39 42 52
174 0 35 36 50
173 0 1 2 3
172 0 1 7 8 9
176 0 35 36 50
175 0 1 2 36 119
178 0 1 7 8 9
177 0 39
180 0 10 11 12
179 0 10 2 64
181 0 10 11 28
184 0 10 2 69
182 0 10 2 64
185 0 10 2 64
186 0 10 2 19
183 0 10 2 25
187 0 39 42 41
189 0 30 32 113
188 0 30 32 151
190 0 1 7 8 9
191 0 1 2 53
192 0 30 88 98
194 0 30 48
195 0 1 7 8 9
193 0 30 48
197 0 1 2 3 63 9
202 0 1 2 53
198 0 4 5 132 171
201 0 1 17
199 0 1 7 8 109
196 0 10 85 17
203 0 1 2 36 119
200 0 1 7 8 109
204 0 35 36 37
205 0 30 88 186
206 0 1 7 8 109
207 0 1 7 8 109
208 0 1 2 36 119
209 0 30 48
210 0 1 7 8 9
211 0 1 2 3 123
212 0 35 76 77
213 0 10 2 19
214 0 4 72 213
215 0 1 7 8 82
216 0 1 7 8 9
217 0 30 32 113
218 0 39 42 149
219 0 35 36 37
220 0 30 60 84
221 0 1 66 134 136
222 0 30 32 148
223 0 1 66 197
224 0 1 66 107
225 0 1 2 53
226 0 1 66 90 176
227 0 1 2
228 0 30 32 148
229 0 30 32 158 170
230 0 35 36 50
231 0 1 2 26
232 0 10 11 177
233 0 1 66 90 176
234 0 10 57 58
235 0 30 48
236 0 30 32 148
237 0 30 45 141
238 0 1 2 3 118
239 0 10 2 124
240 0 39 42 41
241 0 30 32 33 34
242 0 1 2 53 100 101
243 0 10 2 124
244 0 30 48
245 0 1 7 8 9
246 0 4 54 160
247 0 30 38
248 0 39 42 43
249 0 1 7 8 9
250 0 35 61 122
251 0 1 66 107
253 0 30 48
254 0 30 45 47
252 0 30 48
255 0 30 38
256 0 1 66 80
257 0 30 38
258 0 1 2 59
259 0 1 21 99
260 0 1 7 8 9
262 0 30 38
261 0 30 49
263 0 1 7 8 9
264 0 30 45 46
265 0 30 32 148
266 0 1 7 8 109
267 0 30 45 141
268 0 30 38
269 0 1 2 36
270 0 30 32 104
271 0 10 2 29
272 0 30 45 47
273 0 30 32 104
274 0 30 32 33 34
275 0 1 2 53
276 0 30 38
277 0 30 190 48
278 0 39 42 41
279 0 4 5 132 133
280 0 1 2 53 127
281 0 30 32 158 166
283 0 1 17
282 0 10 11 28
285 0 30 48
284 0 30 45 46
286 0 35 76 77
287 0 1 7 8 9
288 0 30 49
289 0 1 66 67
290 0 30 60 45
291 0 30 48
292 0 30 48
293 0 30 31
294 0 1 7 8 142
295 0 1 7 8 82
297 0 39 40 41
296 0 39 42 41
298 0 30 32 105
301 0 39 42 43
300 0 39 40 41
303 0 1 7 8 9
299 0 39 42 43
305 0 39 40 41
306 0 39 40 41
304 0 39 40 41
302 0 1 7 8 9
308 0 39 40 44
307 0 1 7 8 9
315 0 39 42 43
312 0 39 40 41
309 0 39 40 52
317 0 39 40 52
311 0 35 36 50
310 0 39 40 41
316 0 39 42 43
314 0 39 42 41
313 0 39 40 52
318 0 1 7 8 109
319 0 30 32 151
321 0 1 21 22
320 0 30 49
323 0 1 7 8 109
322 0 1 2 36 119
324 0 30 32 33 34
325 0 39 42 43
326 0 30 32 33 34
327 0 1 21 83
328 0 1 7 8 109
329 0 30 45 46
330 0 30 45 81
331 0 30 32 33 34
332 0 30 32 104
333 0 30 32 104
334 0 30 49
335 0 10 85 17
336 0 4 54 97
338 0 10 57 92
337 0 10 57 178
339 0 30 88 89
341 0 30 88 98
340 0 39 42 43
342 0 1 66 80
343 0 1 7 8 9
344 0 35 36 50
345 0 30 32 104
346 0 1 21 115
347 0 30 45 47
348 0 30 45 70 71
349 0 30 45 70 71
350 0 30 32 158 166
351 0 10 2 25
352 0 35 36 50
353 0 39 42 41
354 0 39 42 43
355 0 30 32 104
356 0 30 32 33 34
357 0 1 21 22 143
358 0 1 2 53
359 0 1 66 90 146
360 0 30 48
362 0 1 7 8 9
361 0 30 45 47
363 0 1 66 80
364 0 1 2 3 63 9
366 0 39 40 41
365 0 39 42 43
367 0 30 48
368 0 30 45 47
369 0 1
370 0 1 2 3 123
372 0 39 40 44
371 0 39 40 52
373 0 1 7 8 9
375 0 1 7 8 9
376 0 39 40 41
374 0 39 40 52
377 0 39 40 41
381 0 39 42 43
380 0 39 40 41
379 0 39
378 0 39 42 43
382 0 39 42 41
384 0 39 42 43
385 0 1 7 8 9
383 0 39 42 43
387 0 1 7 8 9
388 0 39 42 41
386 0 39 42 41
390 0 39 42 43
389 0 39
392 0 39 40 41
391 0 39 40 41
393 0 39 42 41
396 0 39 42 41
397 0 39 42 41
394 0 39 42 43
398 0 39 40 41
395 0 39 42 41
401 0 1 7 8 9
403 0 39 42 41
400 0 1 7 8 9
402 0 39 42 43
399 0 39 42 43
404 0 39 40 41
405 0 39 42 41
407 0 39 42 41
406 0 39 40 52
408 0 39 42 43
410 0 39 42 43
411 0 39 40 41
409 0 1 7 8 9
412 0 39 40 41
413 0 39 40 41
415 0 39 42 43
414 0 39 40 41
416 0 39 40 41
418 0 39 42 44
417 0 35 36 50
419 0 1 7 8 9
421 0 39 42 52
420 0 39 42 41
422 0 1 7 8 9
423 0 10 57 58
424 0 10 57 58
425 0 30 32 148
426 0 39 42 41
427 0 1 2 3
428 0 30 45 47
429 0 39 40 52
430 0 35 61 62
431 0 30 88
432 0 30 31
433 0 30 32 104
434 0 1 66 107
435 0 1 66 80
436 0 39 40 41
437 0 1 7 8 9
438 0 30 32 104
439 0 30 32 104
440 0 1 2 3
441 0 1 7 8 9
442 0 1 7 8 109
443 0 1 2 53 74
444 0 1 66 80
445 0 1 66 80
446 0 1 2 36 119
447 0 1 2 3 63 116
449 0 1 2 86
448 0 1 66 67
450 0 10 17 18
451 0 1 7 8 109
452 0 1 7 8 9
453 0 30 48
454 0 4 72 87
455 0 1 2 53
456 0 30 32 104
457 0 30 38
458 0 30 32 148
459 0 10 57 178
460 0 35 76 77
461 0 1 2 3
462 0 1 21 22 143
463 0 1 7 8 142
464 0 4 72 87
465 0 4 72 87
466 0 30 48
467 0 30 45 46
470 0 30 38
468 0 30 88 98
469 0 1 7 8 142
471 0 30 60 38
473 0 30 49
472 0 30 49
474 0 1 2 3 118
475 0 30 32 33 94
476 0 30 32 33 34
477 0 1 2 53 175
478 0 35 36 37
479 0 1 2 53 74
480 0 1 66 80
481 0 10 17 18
482 0 10 11 28
483 0 1 2 3
484 0 39 40 41
485 0 39 42 43
486 0 30 32 104
487 0 30 38
488 0 30 38
489 0 1 2 36 144
490 0 1 2 3 63 9
491 0 30 45 47
492 0 1 7 8 9
493 0 35 36 37
494 0 30 60 84
495 0 1 2 3 63 9
496 0 30 32 33 94
497 0 30 32 104
498 0 30 38
499 0 10 2 19
500 0 30 38
501 0 10 57 58
502 0 30 48
503 0 1 66 90 176
504 0 4 13 14
505 0 4 72 87
506 0 1 2 53
507 0 1 7 8 109
508 0 1 2 3 63 9
509 0 1 7 8 109
510 0 1 2 26
511 0 30 88 98
512 0 30 88 98
514 0 30 48
513 0 30 88 98
515 0 30 38
516 0 1 17 82
518 0 1 2 3 123
517 0 1 2 26
519 0 1 2 36
520 0 1 2 36
521 0 1 2 3
522 0 1 2 3
523 0 30 48
524 0 30 49
525 0 1 21 83
526 0 1 2 3 63 9
527 0 1 21 99
528 0 1 59
529 0 39 42 43
530 0 1 7 8 9
531 0 39 42 43
532 0 39 40 52
533 0 39
534 0 39 40 41
536 0 39 42 41
535 0 39 40 41
537 0 30 32 105
538 0 1 21 83
539 0 1 7 8 142
540 0 1 7 8 142
541 0 1 7 8 109
542 0 1 7 8 142
543 0 1 21 22 143
544 0 1 2 36
545 0 1 2 3 63 9
546 0 1 2 59
547 0 1 21 22
548 0 1 17 82
549 0 10 11 12
550 0 10 11 12
551 0 10 2 19
552 0 10 11 28
553 0 30 32 113
555 0 30 45 46
554 0 4 164 228
556 0 1 2 53 127
558 0 10 2 64
557 0 1 7 8 9
559 0 35 76 77
560 0 30 45 51
561 0 30 48
562 0 35 36 37
563 0 30 190 82
564 0 35 36 37
565 0 4 5 27
566 0 4
567 0 35 61 122
568 0 1 2 86
569 0 1 21 22
570 0 4 5 27
571 0 30 32 148
572 0 39 42 41
573 0 1 7 8 9
574 0 1 21 83
575 0 30 32 33 34
576 0 30 32 104
577 0 10 17 131
578 0 35 36 37
579 0 39 42 41
580 0 1 2
581 0 30 32 148
582 0 39 42 41
583 0 39 42 41
585 0 39 42 43
584 0 1 7 8 9
586 0 39 42 43
587 0 30 32 33 34
588 0 30 49
589 0 30 32 104
590 0 1 2 53
591 0 30 49
592 0 30 32 33 34
593 0 1 2 53
594 0 4
595 0 30 32 104
596 0 1 7 8 142
597 0 1 59
598 0 35 61 185
599 0 30 88 98
601 0 1 2 3 63 9
600 0 1 2 3 63 9
602 0 1 2 3 123
603 0 1
604 0 30 49
605 0 30 38
606 0 39 42 43
607 0 30 32 148
608 0 10 57 58
610 0 10 17 65
609 0 35 36 37
611 0 30 49
612 0 30 45 47
613 0 30 88 98
614 0 4 13 14
615 0 1 21 99
616 0 1 17 74
617 0 39 42 43
618 0 1 2 86
619 0 1 7 8 9
620 0 30 32 151
621 0 1 7 8 109
622 0 35 44
623 0 1 2 125 126
624 0 10 2 19
625 0 35 36 37
626 0 1 2 125 126
627 0 30 32 148
628 0 30 45 51
629 0 30 45 141
630 0 30 49
631 0 35 76 77
632 0 4 5 27
633 0 35 76 77
634 0 35 61 185
635 0 1 2 36
636 0 10 57 178
637 0 4 164 228
638 0 30 32 33 34
639 0 30 32 148
640 0 35 76 77
641 0 1 7 8 9
642 0 1 7 8 109
643 0 30 31
644 0 4 5 132 171
645 0 1 2 3
646 0 1 21 83
647 0 1 2 53 74
648 0 30 88 98
649 0 1 2 125 126
650 0 1 7 8 82
651 0 4 72 137
652 0 30 45 141
653 0 30 38
654 0 30 32 148
655 0 30 31
656 0 30 49
657 0 10 57 58
658 0 10 57 58
659 0 4 54 56
660 0 1 7 8 9
661 0 1 7 8 9
662 0 30 38
663 0 10 2 19
664 0 39 42 75
665 0 1 2 36
666 0 1 21 99
667 0 1 7 8 109
668 0 1 2 36
669 0 1 7 8 82
670 0 39 42 43
671 0 35 36 50
672 0 1 7 8 9
673 0 1 7 8 9
674 0 35 36 37
675 0 1 7 8 9
676 0 1 7 8 9
677 0 1 7 8 9
679 0 1 147
678 0 30 32 158 170
681 0 1 2 36
680 0 1 7 8 9
682 0 1 7 8 9
683 0 39 42 43
684 0 39 40 41
687 0 39 40 52
686 0 39 40 52
688 0 39 42 41
685 0 39 40 41
690 0 39 42 43
689 0 39 42 41
691 0 39 42 43
692 0 10 17 18
693 0 10 17 128
694 0 1 2 26
695 0 30 88
696 0 30 45 141
697 0 4 72 137
699 0 1 2 3 63 116
698 0 10 2 25
701 0 1 2 36
700 0 1 21 22
702 0 1 66 90
703 0 1 2 36 119
704 0 1 2 3 63 116
705 0 1 2 53 100 101
706 0 1 2 53 100
707 0 1 2 26
708 0 10 57 58
709 0 4 72 73
710 0 1 66 67
711 0 1 66 90 176
713 0 30 32 104
712 0 30 32 104
714 0 30 60 38
715 0 10 57 58
716 0 1 7 8 9
717 0 30 32 104
718 0 30 32 113
719 0 10 11 12
720 0 10 7 239
721 0 30 32 148
722 0 1 21 22
723 0 30 31
724 0 10 2 19
726 0 10 2 124
725 0 30 45 51
727 0 1 59
728 0 1 66 90 146
729 0 35 76 77
730 0 1 2
731 0 1 7 8 9
734 0 30 32 158 200
732 0 30 32 104
733 0 30 32 33 34
735 0 39 42 41
736 0 30 38
737 0 1 66 90
739 0 4 72 87
738 0 1 2 36
740 0 10 2 19
741 0 1 66 90 146
742 0 10 17 65
743 0 10 57 58
744 0 30 88 98
745 0 1 2 3 63 9
746 0 10 2 19
747 0 1 21 22 143
748 0 30 114
749 0 30 32 104
750 0 30 32 33 34
751 0 1 66 67
752 0 10 17 131
753 0 10 57 58
754 0 1 7 8 9
755 0 10 57 58
756 0 4 72 87
757 0 10 2 19
758 0 30 45 141
759 0 30 49
760 0 35 36 37
761 0 1 66 134 136
762 0 10 57 178
763 0 30 49
764 0 30 48
765 0 30 48
766 0 30 48
767 0 30 48
768 0 30 48
769 0 10 2 64
770 0 1 2 3 63 9
771 0 30 45 141
772 0 30 45 47
773 0 30 49
774 0 10 17 23
776 0 30 48
775 0 30 32 33 34
777 0 4 13 14
778 0 1 2 3 118
779 0 30 49
780 0 30 49
781 0 30 38
782 0 1 7 8 9
783 0 35 120 121
784 0 10 2 124
785 0 30 32 158 170
786 0 30 48
787 0 1 2
788 0 4 5 6
792 0 10 85 17
789 0 10 11 12
791 0 1 2 3
790 0 10 17 65
793 0 1 7 8 9
794 0 10 57 58
795 0 1 2 3 63 116
796 0 1 2 53 74
797 0 1 2 3 63 9
798 0 30 45 46
799 0 39 42 43
800 0 30 88 98
801 0 1 2 53 100
802 0 1 7 8 109
803 0 4 5 201 202
805 0 30 45 138
804 0 30 45 138
806 0 30 45 138
807 0 1 2 59
808 0 1 2 36
809 0 10 2 19
810 0 10 2 19
811 0 1 7 8 9
812 0 30 60 84
813 0 35 36 37
814 0 30 32 148
815 0 10 2 19
816 0 1 66 90 91
817 0 1 66 90 91
818 0 4 5 132 171
819 0 1 21 83
820 0 1 2 26
821 0 1 2 26
822 0 1 7 8 9
823 0 1 2 26
825 0 39 42 41
824 0 39 42 43
826 0 1 7 8 9
828 0 39 42 52
827 0 39 40 52
829 0 1 2 3
830 0 1 2 53
831 0 1 7 8 9
832 0 30 49
833 0 4 5 132 133
834 0 30 32 158 215
835 0 30 49
836 0 10 57 178
837 0 1 7 8 9
838 0 10 17 131
839 0 35 120 145
840 0 30 45 46
841 0 1 7 8 142
842 0 10 57 58
843 0 30 32 79
844 0 1 66 134 136
845 0 35 120 109
846 0 10 57 58
847 0 1 2 53
848 0 1 2 3
849 0 1 2 36 144
850 0 10 57 58
851 0 39 42 43
852 0 35 36 37
853 0 10 17 65
854 0 39 42 43
855 0 39 42 41
857 0 39 40 41
856 0 1 7 8 9
858 0 39 42 41
859 0 30 38
860 0 30 32 104
861 0 30 32 158 200
862 0 30 32 158 200
863 0 4 13 14
864 0 35 120 109
865 0 35 120 121
866 0 39 42 43
868 0 39 42 52
869 0 39 42 43
867 0 39 40 41
870 0 10 17 128
871 0 1 7 8 82
872 0 1 2 3
873 0 10 17 23
874 0 30 49
875 0 1 7 8 9
877 0 4 54 211
876 0 4 54 211
878 0 1 7 8 9
879 0 1 2 53
880 0 35 36 50
881 0 30 32 148
882 0 35 36 37
883 0 1 2 86
884 0 1 2 36 119
885 0 1 2 3
886 0 30 45 46
887 0 30 38
889 0 30 45 138
888 0 30 48
890 0 30 32 33 34
891 0 10 17 65
892 0 1 7 8 109
893 0 1 7 8 9
894 0 30 49
895 0 1 2 36
896 0 1 7 8 9
897 0 30 60 84
898 0 39 40 52
899 0 10 57 58
900 0 30 48
901 0 35 120 145
902 0 1 2 26
903 0 1 21 99
904 0 30 31
905 0 30 32 158 216
906 0 10 2 19
907 0 1 2 36 144
909 0 35 36 50
908 0 1 7 8
910 0 1 17 139
911 0 1 66 67
912 0 39 42 43
913 0 1 21 83
914 0 1 21 83
915 0 1 17
916 0 1 2 53
917 0 1 17 20
918 0 1 7 8 109
919 0 1 21 83
920 0 30 45 47
921 0 35 36 37
923 0 1 7 8 109
922 0 30 38
924 0 10 17 131
927 0 1 2 3 63 9
925 0 1 2 3 123
926 0 1 2 3
928 0 30 45 138
930 0 1 7 8 82
929 0 1 7 8 109
931 0 1 66 67
932 0 30 45 47
933 0 35 36 50
934 0 30 48
935 0 1 7 8 109
936 0 30 60 84
937 0 1 7 8 9
938 0 1 66 90 146
939 0 1 2 3 63 9
941 0 1 2 53 100
940 0 1 2 3 63 9
942 0 4 164 182
943 0 10 57 178
944 0 30 88 98
945 0 39 42 41
946 0 39 42 43
947 0 1 7 8 9
948 0 1 7 8 9
949 0 30 32 104
950 0 30 88 96
951 0 1 7 8 109
952 0 1 2 3 63 116
954 0 30 32 151
953 0 30 32 104
955 0 30 45 46
956 0 30 49
957 0 10 17 23
958 0 1 66 90 146
959 0 10 57 178
960 0 30 48
961 0 1 7 8 82
962 0 10 2 124
963 0 30 88 98
964 0 1 21 22 143
965 0 1 7 8
966 0 1 7 8 109
967 0 30 45 46
968 0 10 17 65
969 0 1 2 26
970 0 10 11 207
972 0 1 7 8 9
971 0 1 7 8 9
973 0 30 45 47
974 0 1 21 83
975 0 1 2 167 168
976 0 30 32 158 210
977 0 1 21 22
979 0 1 7 8 109
980 0 1 7 8 109
978 0 1 7 8 109
981 0 10 57 178
982 0 39 42 43
983 0 39 42 43
984 0 30 32 113
985 0 39 42 41
986 0 30 88 98
988 0 1 2 53 100 192
987 0 1 17 74
989 0 1 7 8
990 0 10 57 92
991 0 1 66 134 235
992 0 30 32 158 200
993 0 30 32 104
994 0 30 45 138
995 0 1 2 36
996 0 35 76 77
997 0 1 66 67
998 0 30 48
999 0 10 57 58
1000 0 30 38
1001 0 35 61 185
1002 0 10 57 58
1003 0 30 32 33 34
1004 0 1 7 8 82
1005 0 10 2 19
1006 0 35 120
1007 0 39 40 41
1008 0 10 11 12
1009 0 30 45 47
1010 0 30 32 33 34
1011 0 1 2
1012 0 10 57 58
1013 0 10 57 58
1014 0 30 45 138
1015 0 4 54 56
1016 0 30 32 148
1017 0 30 32 148
1018 0 30 45 70 71
1019 0 1 7 8 9
1020 0 30 45 46
1021 0 35 36 50
1022 0 10 2 29
1023 0 10 57 58
1024 0 30 38
1025 0 30 48
1026 0 30 45 47
1027 0 4 164 165
1028 0 10 85 17
1029 0 30 48
1030 0 10 57 178
1031 0 10 57 178
1032 0 35 76 77
1033 0 30 45 47
1034 0 35 76 77
1035 0 10 57 58
1036 0 10 2 19
1037 0 1 2 53 74
1038 0 1 2 53 100 240
1039 0 1 2
1040 0 1 2 3 63 116
1041 0 1 2 53 175
1042 0 1 2 53 74
1043 0 1 2 53 100 192
1044 0 4 5 103
1045 0 1 7 8 82
1046 0 30
1047 0 1 2 53
1048 0 30 31
1049 0 30 32 158
1050 0 4 72 199
1051 0 1 7 8 109
1052 0 4 13 162
1053 0 1 2 3
1055 0 1 2 36 119
1054 0 1 7 8 9
1056 0 1 2 53 74
1057 0 10 2 25
1058 0 30 31
1060 0 30 31
1059 0 1 7 8 109
1061 0 1 7 8 109
1062 0 4 72 73
1063 0 10 57 58
1064 0 10 17 18
1065 0 39 40 41
1066 0 10 57 58
1067 0 1 66 90 146
1068 0 1 2 3 63 9
1069 0 1 2
1071 0 30 32 158 159
1070 0 30 32 158 159
1072 0 1 2 53
1073 0 1 2
1074 0 1 66 67
1075 0 30 60 45
1076 0 1 2 125 140
1077 0 1 7 8 109
1079 0 10 2 124
1080 0 10 2 25
1078 0 10 17 65
1081 0 30 32 151
1082 0 10 57 58
1083 0 1 7 8 9
1084 0 10 2 124
1085 0 30 49
1086 0 1 66 90 146
1087 0 39 42 41
1088 0 1 7 8 9
1089 0 30 88 96
1090 0 1 66 67
1091 0 10 57 58
1092 0 4 72 220
1093 0 4 5 201 212
1094 0 30 45 46
1095 0 4 72 199
1096 0 30 38
1097 0 39 40 41
1098 0 35 61 198
1099 0 30 45 70 169
1100 0 1 66 197
1101 0 30 32 113
1102 0 10 17 65
1103 0 4 72 150
1104 0 30 32 33 34
1105 0 1 2 26
1106 0 35 61 185
1107 0 35 61 185
1108 0 1 2 53
1109 0 39 42 43
1110 0 10 17 23
1111 0 4 72 108
1112 0 1 21 99
1113 0 10 85 2
1114 0 39 40 52
1115 0 1 7 8 9
1116 0 1 7 8 9
1117 0 35 61 122
1118 0 30 48
1119 0 30 32 158 200
1120 0 4
1121 0 30 45 46
1122 0 4 54
1123 0 30 32 104
1124 0 30 45 51
1125 0 10 11 207
1126 0 35 61 185
1127 0 1 2 3 63 9
1128 0 30 32 148
1129 0 1 2 125 140
1130 0 1 7 8 109
1131 0 1 2 26
1132 0 1 7 8 109
1133 0 1 7 8 109
1134 0 4 13 14
1137 0 4 13 14
1135 0 1 2
1136 0 4 13 14
1138 0 10 2 19
1139 0 10 11 12
1140 0 10 2 19
1141 0 1 17 223
1142 0 30 32 79
1143 0 1 66 80
1144 0 1 7 8 9
1145 0 1 7 8 109
1146 0 10 57 58
1147 0 30 88 98
1148 0 30 88 98
1149 0 1 2 86
1150 0 35 36 37
1151 0 1 2 26
1152 0 1 66 67
1153 0 1 2 53
1155 0 1 7 8 9
1154 0 1 21 22
1156 0 1 2 36 117
1157 0 1 2 125 126
1159 0 1 2 36 117
1158 0 1 2 36
1160 0 1 21 22 143
1161 0 1 2 3 63 116
1163 0 35 76 77
1165 0 1 7 8 9
1162 0 1 7 8 9
1164 0 1 7 8 82
1167 0 35 36 50
1166 0 1 2 3 63 9
1168 0 1 7 8 9
1169 0 1 7 8 9
1170 0 1 2 36 144
1171 0 1 2 3
1173 0 1 2 3
1172 0 1 2 36
1174 0 10 57 58
1175 0 4 54 211
1176 0 10 17 65
1177 0 4 5 132 171
1178 0 1 2 36
1179 0 1 2 53 100 192
1181 0 35 36 37
1184 0 30 38
1180 0 1 7 8 9
1183 0 1 7 8 9
1185 0 35 36 37
1186 0 35 36 37
1182 0 1 2 36 119
1190 0 1 2 86
1187 0 30 48
1189 0 1 7 8 9
1188 0 30 48
1191 0 1 7 8 9
1192 0 1 17 74
1193 0 1 2 36
1194 0 30 38
1195 0 1 7 8 142
1196 0 30 45 47
1197 0 30 45 47
1198 0 10 57 58
1199 0 30 48
1200 0 30 38
1203 0 1 2 3 63 9
1204 0 1 2 125 126
1202 0 1 2 3 63 116
1205 0 1 2 3
1201 0 1 2 3 63 9
1206 0 30 38
1210 0 1 2 36 119
1209 0 35 76 77
1212 0 1 7 8 9
1211 0 1 2 3 63 9
1213 0 1 7 8 82
1208 0 1 7 8 9
1214 0 1 7 8 142
1207 0 30 48
1215 0 1 2 36 130
1216 0 4 13 14
1217 0 30 38
1218 0 30 45 138
1220 0 1 7 8 9
1219 0 1 7 8 9
1223 0 39 42 43
1222 0 39 40 41
1224 0 1 21 115
1221 0 39 40 41
1225 0 39 42 41
1226 0 30 31
1227 0 35 36 50
1228 0 4 72 220
1229 0 4 72 220
1230 0 1 7 8 109
1231 0 1 2 53 74
1232 0 35 36 37
1233 0 1 7 8 9
1236 0 1 21 83
1234 0 1 2 3
1235 0 1 7 8 9
1237 0 1 66 197
1238 0 1 66 90 91
1239 0 1 2 26
1240 0 1 17 130
1242 0 1 2 59
1241 0 1 2 53
1243 0 1 2 3
1245 0 10 17 65
1244 0 10 2 19
1246 0 30 31
1247 0 10 17 65
1248 0 10 57 178
1249 0 1 2 3 63 9
1250 0 1 2 26
1251 0 10 2 69
1252 0 10 17 23
1253 0 4 5 6
1254 0 1 2 3
1255 0 39 40 41
1256 0 1 17 156 157
1257 0 35 36 37
1258 0 4
1259 0 35 36 37
1260 0 10 17 65
1261 0 10 57 178
1262 0 30 60 48
1263 0 4 5 6
1270 0 1 17 209
1268 0 1 2 3
1266 0 35 36 50
1264 0 1 7 8 109
1267 0 1 2 53 100 229
1272 0 1 2 59
1271 0 1 2 3
1265 0 35 36 50
1269 0 1 2 3
1273 0 30 49
1274 0 35 61 62
1275 0 1 2 26
1277 0 10 17 65
1276 0 10 2 19
1279 0 10 17 131
1283 0 30 88 89
1281 0 10 17 65
1280 0 10 17 23
1282 0 4 5 6
1278 0 10 57 58
1284 0 10 17 65
1285 0 10 17 18
1287 0 30 32 113
1286 0 10 2 69
1289 0 4 5 6
1288 0 4 5 6
1290 0 30 32 113
1291 0 4 72 59
1292 0 10 2 69
1293 0 1 2 3 123
1296 0 30 32 33 34
1297 0 30 32 104
1298 0 30 32 33 34
1294 0 30 32 104
1295 0 30 32 33 34
1299 0 35 36 37
1300 0 35 36 37
1301 0 1 21 22
1302 0 4 72 213
1303 0 39 40 41
1304 0 30 32 33 34
1305 0 35 36 50
1306 0 35 76 77
1308 0 1 66 67
1307 0 35 36 50
1309 0 1 7 8 9
1310 0 4 72 108
1311 0 4 5 6
1312 0 10 2 19
1313 0 10 2 19
1314 0 1
1315 0 4 5 6
1316 0 35 76 77
1317 0 30 45 47
1318 0 30 32 33 34
1319 0 1 21 99
1320 0 39 42 43
1321 0 4 72 137
1322 0 1 2 86
1323 0 10 2 124
1324 0 30 31
1325 0 10 17 131
1326 0 35 61 62
1327 0 1 21 22 143
1328 0 35 120 109
1329 0 30 48
1330 0 35 120 145
1331 0 1
1332 0 1 2 36
1334 0 10 2 19
1335 0 10 17 65
1333 0 10 17 65
1336 0 10 2 19
1337 0 1 7 8 9
1338 0 1 2 53
1340 0 4 5 201 202
1339 0 4 5 201 202
1341 0 30 38
1342 0 30 32 104
1343 0 1 7 8 109
1344 0 30 45 47
1345 0 10 17 23
1346 0 4 72 150
1347 0 30
1348 0 30 49
1349 0 35 76 77
1350 0 30 32 148
1351 0 30 38
1352 0 4 5 201 202
1353 0 1 7 8 109
1354 0 30 32 104
1356 0 30 45 47
1355 0 30 49
1357 0 30 49
1358 0 30 32 148
1359 0 30 32 158 217
1360 0 1 2 86
1361 0 30 49
1362 0 10 17 128
1363 0 10 11 12
1364 0 30 32 148
1365 0 30 32 158 159
1366 0 1 2 36 119
1368 0 1 2 36 119
1367 0 1 2 3 118
1369 0 30 32 105
1370 0 1 21 115
1371 0 30 45
1372 0 30 38
1373 0 35 36 37
1374 0 30 49
1375 0 1 2 36
1377 0 30 32 104
1376 0 30 32 104
1378 0 1 7 8 142
1379 0 10 11 28
1380 0 1 2 3
1381 0 10 2 69
1382 0 30 32 106
1383 0 1 2 36
1384 0 4 5 59
1385 0 30 38
1386 0 35 36 37
1387 0 30 38
1388 0 10 17 65
1389 0 10 85 17
1390 0 30 38
1391 0 35 61 185
1393 0 39 40 41
1392 0 39 42 43
1395 0 1 7 8 9
1394 0 39 40 41
1396 0 39 42 43
1397 0 1 7 8 9
1398 0 1 2 3
1399 0 39
1400 0 1 2 36 144
1401 0 10 17 65
1402 0 35 36 37
1403 0 35 36 37
1404 0 35 120 145
1405 0 4 54 95
1406 0 1 66 67
1407 0 30 38
1408 0 1 7 8 9
1409 0 30 32 148
1410 0 1 7 8 9
1411 0 1 2 3 63 9
1412 0 10 17 23
1413 0 10 2 19
1414 0 1 21 83
1415 0 39 42 43
1416 0 10 2 29
1417 0 10 2 19
1420 0 1 7 8 9
1418 0 1 7 8 9
1419 0 1 7 8 9
1422 0 35 36 37
1421 0 1 2 36
1423 0 4 72 59
1424 0 10 2 29
1425 0 35 36 37
1426 0 4 72 137
1427 0 1 21 83
1428 0 1 2 36
1429 0 1 2 53 74
1433 0 1 17 223
1431 0 1 2 167 168
1432 0 1 2 3
1430 0 1 2
1434 0 30 32 33 94
1435 0 30 49
1436 0 10 2 69
1438 0 10 17 155
1437 0 30 32 148
1439 0 30 45 70 169
1440 0 10 16
1441 0 10 17 23
1442 0 1 2 36
1443 0 10 17 65
1444 0 35 36 37
1445 0 35 36 50
1446 0 10 57 58
1448 0 4 5 6
1447 0 10 17 131
1449 0 4 54 95
1450 0 1 7 8 9
1451 0 30 38
1452 0 1 2 3
1453 0 39 42 43
1454 0 1 7 8 9
1455 0 4 5 132 171
1456 0 1 7 8 9
1458 0 1 2 3
1457 0 1 2 36
1459 0 1 21 22
1460 0 1 2 3
1461 0 1 7 8 9
1462 0 1 2 53
1464 0 1 2 167 168
1463 0 1 2 86
1465 0 30 49
1466 0 30 45 47
1468 0 1 66 134 136
1467 0 30 45 47
1469 0 30 45 138
1470 0 10 2 19
1471 0 1 7 8 9
1472 0 1 2 36 130
1473 0 35 36 50
1475 0 1 7 8 9
1474 0 1 2 3
1476 0 10 11 173
1477 0 30 32 113
1478 0 4 54 160
1480 0 10 2 29
1479 0 10 17 23
1485 0 1 2 3 123
1481 0 1 2 26
1482 0 1 2 36
1484 0 1 17 82
1483 0 1 2 53
1486 0 30 32 33 94
1487 0 1 7 8 9
1488 0 1 2 53
1489 0 35 61 62
1490 0 39 42 43
1491 0 30 32 104
1492 0 10 57 58
1493 0 30 45 70 71
1494 0 30 88 98
1495 0 1 2 3 123
1496 0 1 66 134 136
1498 0 1 21 83
1501 0 1 21 99
1499 0 1 21 99
1500 0 1 21 83
1497 0 1 21 99
1502 0 4 5 132 133
1503 0 4 72 137
1504 0 4 72 213
1505 0 4 5 6
1506 0 1 2 3
1507 0 4 164 204
1508 0 4 164 204
1509 0 30 32 33 34
1510 0 10 17 65
1511 0 10 57 58
1512 0 30 49
1513 0 30 45 47
1514 0 1 2 3 63 9
1515 0 1 17 82
1516 0 30 60 84
1517 0 30 32 104
1518 0 10 57 58
1519 0 1 2 26
1520 0 1 2 36 119
1521 0 1 2 53
1522 0 10 57 58
1523 0 39 42 43
1524 0 30 48
1526 0 10 2 69
1527 0 10 17 65
1525 0 10 11 12
1528 0 10 85 17
1529 0 4 5 201 202
1530 0 35 76 77
1532 0 30 32 33 34
1534 0 30 32 33 94
1531 0 30 32 33 94
1533 0 30 32 33 34
1536 0 10 2 19
1537 0 10 17 18
1535 0 10 11 12
1538 0 30 32 33 34
1539 0 4 54 56
1540 0 30 32 158 166
1541 0 30 38
1542 0 39 40 41
1543 0 10 2 69
1544 0 10 11 28
1546 0 30 38
1545 0 30 45 46
1547 0 1 21 22
1548 0 4 72 73
1549 0 30 32 33 34
1551 0 30 48
1550 0 30 38
1552 0 39 42 43
1553 0 30 32 104
1554 0 35 36 37
1555 0 30 49
1556 0 30 60 48
1557 0 10 24
1558 0 1 7 8 109
1559 0 35 61 238
1560 0 10 17 23
1561 0 1 2 36 130
1562 0 10 2 29
1564 0 1 2 36 119
1563 0 30 49
1567 0 1 2 3 63 116
1568 0 10 17 65
1565 0 30 38
1566 0 1 2 36 119
1569 0 10 2 29
1570 0 30 88 96
1571 0 4 164 182
1572 0 1 7 8 109
1573 0 10 17 65
1574 0 30 49
1575 0 1 21 83
1576 0 30 32 158 210
1577 0 10 17 23
1578 0 10 16
1579 0 10 16
1581 0 10 2 64
1580 0 30 32 106
1582 0 10 2 69
1583 0 10 2 64
1584 0 30 45 46
1585 0 1 2 53
1587 0 10 2 25
1586 0 10 17 131
1588 0 10 11 12
1589 0 35 76 77
1590 0 10 17 23
1591 0 1 66 67
1592 0 1 7 8 9
1593 0 10 11 12
1594 0 30 32 148
1595 0 35 61 62
1596 0 30 45 81
1597 0 30 45 46
1598 0 35 120 109
1599 0 39 42 75
1600 0 39 42 75
1601 0 10 16
1602 0 10 17 131
1604 0 10 2 64
1603 0 10 2 69
1605 0 1 7 8 9
1606 0 10 11 12
1607 0 10 16
1608 0 35 76 77
1609 0 30 45 141
1610 0 10 2 124
1611 0 30 45 47
1612 0 10 17 65
1613 0 10 17 23
1614 0 35 36 37
1615 0 1 2 36 119
1616 0 1 2 53
1617 0 1 66 80
1618 0 1 21 83
1619 0 1 2 53
1620 0 30 49
1621 0 1 7 8 109
1622 0 4 5 6
1623 0 10 57 58
1624 0 10 2 19
1625 0 1 2 36 119
1626 0 1 2 36 119
1627 0 1 2 59
1628 0 4 5 201 202
1629 0 10 17 65
1631 0 10 2 69
1630 0 10 2 69
1632 0 1 21 22
1633 0 30 60 84
1634 0 39 42 43
1635 0 30 60 48
1636 0 30 48
1637 0 1 2 36 119
1638 0 4 5 6
1639 0 1 21 99
1640 0 1 66 107
1642 0 30 32 33 94
1641 0 30 32 33 94
1643 0 1 2 53 100 192
1646 0 1 7 8 9
1647 0 10 17 131
1645 0 1 7 8 109
1644 0 30 38
1648 0 35 120
1649 0 30 31
1650 0 1 21 99
1652 0 30 31
1651 0 1 21 83
1654 0 10 2 19
1653 0 10 17 23
1656 0 10 11 28
1655 0 10 17 23
1657 0 1 2
1658 0 30 48
1659 0 39 42 43
1660 0 1 21 83
1661 0 10 16
1662 0 1 21 22 143
1663 0 1 7 8 9
1664 0 35 36 50
1665 0 39 42 41
1666 0 30 45 70 71
1667 0 4 54 55
1668 0 30 88 98
1669 0 10 2 29
1670 0 10 2 19
1671 0 1 2 36
1672 0 1 2 36
1674 0 30
1673 0 30 45 47
1676 0 10 11 12
1675 0 10 2 19
1677 0 10 17 18
1678 0 4 5 6
1679 0 30 31
1680 0 10 2 29
1681 0 1 66 80
1682 0 10 11 12
1683 0 4 5 201 212
1684 0 1 2 36
1685 0 10 85 17
1686 0 10 2 19
1687 0 30 32 148
1688 0 10 17 65
1689 0 10 2 69
1690 0 4 5 6
1691 0 4 5 6
1692 0 30 60 84
1693 0 10 57 58
1694 0 10 57 58
1695 0 10 16
1696 0 10 57 78
1697 0 10 11 12
1698 0 30 38
1699 0 30 48
1700 0 30 48
1701 0 10 24
1702 0 4 72 87
1703 0 10 2 19
1704 0 4 110 112
1705 0 10 2 19
1706 0 30 45 47
1707 0 1 7 8 9
1708 0 10 16
1709 0 10 17 23
1711 0 10 16
1710 0 10 17 23
1712 0 10 16
1713 0 10 17 23
1714 0 1 2 3
1715 0 30 45 46
1716 0 35 61 185
1717 0 39 42 43
1718 0 1 2 3 63 9
1719 0 1 2 86
1720 0 1 2 3
1721 0 1 7 8 9
1722 0 30
1723 0 35 36 37
1724 0 1 7 8 9
1725 0 30 31
1726 0 30 45 47
1727 0 35 36 37
1729 0 4 5 6
1728 0 10 17 23
1730 0 1 21 22 143
1731 0 10 57 58
1732 0 39 42 43
1734 0 35 61 198
1733 0 35 61 198
1735 0 35 61 198
1736 0 1 2 3
1738 0 1 2 3
1737 0 1 2 3 63 9
1739 0 10 2 19
1740 0 30 88 98
1741 0 30 31
1742 0 1 66 80
1743 0 30 45 47
1744 0 30 38
1745 0 30 45
1746 0 30 49
1747 0 30 32 33 34
1748 0 30 45 81
1749 0 1 7 8 109
1750 0 1 7 8 109
1751 0 1 21 83
1752 0 1 2
1753 0 30 48
1754 0 10 2 19
1756 0 10 2 124
1755 0 10 17 65
1757 0 1 7 8 9
1758 0 30 45 46
1759 0 10 17 65
1760 0 30 88 98
1761 0 1 7 8 142
1762 0 1 66 80
1763 0 1 2 86
1764 0 10 11 12
1765 0 30 32 33 34
1766 0 30 32 33 94
1767 0 4 72 87
1768 0 1 21 99
1769 0 1 2 125 140
1770 0 30 49
1771 0 30 32 104
1772 0 30 38
1773 0 10 17 18
1774 0 10 17 18
1775 0 4 13 162
1776 0 10 2 19
1777 0 1 21 22 143
1778 0 1 7 8 109
1779 0 30 49
1780 0 30 48
1781 0 30 38
1782 0 10 17 18
1783 0 10 16
1784 0 1 2 53
1785 0 10 11 15
1787 0 30 48
1786 0 30 38
1788 0 35 36 37
1789 0 1 21 83
1790 0 1 59
1791 0 10 17 23
1792 0 30 38
1793 0 30 32 33 94
1795 0 1 2 36
1794 0 1 2 3 63 9
1796 0 30 32 33 94
1797 0 10 2 29
1798 0 10 17 23
1799 0 1 2 36 144
1800 0 10 57 58
1801 0 4 5 6
1802 0 35 120 145
1803 0 10 16
1804 0 30 32 148
1805 0 1 2 36
1806 0 1 7 8 9
1807 0 1 66 80
1808 0 30 45 47
1809 0 30 32 33 34
1810 0 10 2 19
1811 0 10 11 207
1812 0 1 2 53 100
1813 0 10 17 18
1815 0 10 17 18
1814 0 4 5 103
1816 0 4 5 59
1817 0 1 7 8 9
1819 0 10 17 65
1818 0 10 17 65
1820 0 30 32 104
1821 0 10 57 78
1822 0 4 54 55
1823 0 1 7 8 109
1824 0 1 2 36
1825 0 30 48
1826 0 30 48
1827 0 4 13 14
1828 0 30 32 158 159
1829 0 4 54 211
1830 0 30 88 98
1831 0 1 2 3
1832 0 1 21 22
1833 0 39 40 41
1834 0 1 7 8 142
1835 0 30 38
1836 0 39 42 41
1837 0 1 21 83
1838 0 1 17 203
1839 0 1 7 8 9
1840 0 1 2 53 74
1841 0 4 13 162
1842 0 1 7 8 9
1843 0 10 85 17
1845 0 1 2 86
1844 0 1 2 86
1846 0 30 45 70 169
1847 0 4 13 14
1848 0 30 45 46
1849 0 4 72 137
1850 0 10 57 178
1851 0 4 72 59
1852 0 4 72 73
1853 0 30 60 45
1854 0 1 66 134 136
1856 0 10 57 58
1855 0 10 57 58
1857 0 1 2 53
1858 0 30 38
1859 0 30 38
1860 0 35 76 77
1861 0 35 36 50
1862 0 35 36 37
1863 0 1 2 3 63 116
1864 0 10 17 23
1865 0 10 11 207
1866 0 30 48
1867 0 30 32 33 34
1868 0 30 32 104
1869 0 1 21 22
1870 0 10 16
1871 0 10 2 124
1872 0 10 2 19
1874 0 1 2 3 63 116
1875 0 1 2 3 63 9
1873 0 1 17 20
1878 0 1 2 26
1876 0 1 7 8 9
1877 0 4 5 132 171
1879 0 30 32 33 34
1880 0 10 2 69
1881 0 1 2 53 100 240
1882 0 30 45 46
1883 0 10 57 178
1884 0 30 31
1885 0 1 2 36
1886 0 1 2 53
1887 0 1 7 8 109
1888 0 30 49
1889 0 30 32 104
1890 0 1 2 3 63 116
1891 0 4 5 132 171
1892 0 1 2 53
1893 0 35 36 50
1895 0 30 45 47
1894 0 1 2 125 126
1896 0 1 2 3 123
1897 0 10 17 23
1898 0 1 7 8 109
1899 0 4 5 6
1900 0 1 7 8 82
1901 0 4 72 73
1902 0 30 48
1903 0 4 5 6
1904 0 30 45 51
1905 0 10 2 124
1906 0 30 32 33 34
1907 0 30 32 104
1908 0 30 32 33 94
1909 0 30 32 33 34
1910 0 1 2 36 144
1911 0 1 7 8 9
1912 0 10 57 58
1913 0 30 60 84
1914 0 4 72 150
1915 0 10 57 58
1916 0 10 57 58
1918 0 10 57 58
1917 0 10 57 58
1922 0 10 57 58
1919 0 10 57 58
1921 0 10 57 58
1923 0 10 57 58
1920 0 10 57 58
1924 0 10 57 58
1925 0 10 17 131
1926 0 4 5 132 171
1927 0 30 48
1928 0 1 2 36
1929 0 4 54 160
1930 0 1 2 3 63 9
1931 0 1 2 53 100 101
1932 0 30 49
1933 0 4 72 137
1934 0 30 45 141
1936 0 1 7 8 109
1935 0 35 76 77
1937 0 10 57 219
1938 0 30 45 141
1939 0 30 45 47
1940 0 1 17 82
1941 0 39 42 43
1942 0 1 2 53 100 248
1943 0 30 48
1944 0 1 2 36
1945 0 1 2
1946 0 30 32 113
1947 0 4 54 95
1948 0 1 2 125 126
1949 0 30 49
1950 0 4 5 132 171
1951 0 4 5 132 171
1952 0 4 110 111
1953 0 1 66 107
1954 0 4 54 211
1955 0 1 2 36 144
1956 0 39 42 41
1957 0 4 72 150
1958 0 30 45 47
1959 0 1 7 8 82
1960 0 39 40 41
1961 0 30 45 138
1962 0 4 5 132 171
1963 0 30 45 141
1964 0 30 32 106
1965 0 10 57 58
1966 0 1 2 53 100 101
1967 0 30 32 106
1968 0 30 38
1969 0 30 45 141
1970 0 30 48
1971 0 30 32 158 159
1972 0 10 17 65
1973 0 10 2 19
1974 0 1 2
1975 0 1 2 53 175
1976 0 10 11 28
1977 0 10 11 12
1978 0 39 42 43
1979 0 10 2 19
1980 0 10 2 19
1981 0 30 45 47
1982 0 10 57 92
1983 0 39 42 43
1985 0 4 5 6
1984 0 4 5 6
1986 0 30 48
1987 0 1 7 8 9
1988 0 30 32 33 94
1989 0 30 38
1990 0 10 7 230
1992 0 10 2 19
1991 0 10 2 124
1993 0 10 17 65
1994 0 1 2 53 74
1995 0 1 66 134 136
1996 0 10 2 69
1997 0 1 21 83
1999 0 1 2 36 144
1998 0 1 2 36 144
2000 0 10 17 131
2001 0 1 2 86
2002 0 30 45 51
2004 0 10 11 12
2003 0 30 38
2005 0 30 48
2006 0 1 17 203
2008 0 1 2 3 63 9
2007 0 1 2 3 63 9
2009 0 1 2
2010 0 10 2 69
2011 0 4 72 150
2012 0 4 5 6
2013 0 30 32 33 94
2014 0 10 17 131
2015 0 30 48
2016 0 30 32 33 34
2017 0 4 5 6
2018 0 30 32 33 94
2019 0 10 17 131
2020 0 10 17 23
2021 0 39 42 43
2022 0 1 2
2023 0 1 7 8 9
2024 0 4 72 220
2025 0 10 57 178
2026 0 1 2 3 123
2027 0 1 66 107
2029 0 10 17 65
2028 0 10 11 12
2030 0 10 11 28
2031 0 10 17 23
2032 0 10 17 65
2034 0 10 17 65
2033 0 10 17 65
2035 0 1 2 26
2036 0 10 17 65
2037 0 1 21 83
2038 0 4 5 103
2039 0 10 16
2040 0 1 21 99
2041 0 30 60 84
2042 0 30 88 96
2043 0 1 2 36
2044 0 10 57 92
2045 0 1 17
2046 0 1 2 36 119
2047 0 1 2 26
2048 0 30 88 98
2049 0 1 2 3 63 116
2050 0 1 2 3 63 116
2053 0 1 2 3 63 9
2051 0 1 2 36
2052 0 1 21 22
2054 0 1 2 167 168
2055 0 4 72 150
2056 0 1 7 8 9
2057 0 35 36 50
2058 0 30 32 113
2059 0 1 7 8 9
2060 0 10 57 58
2061 0 39 42 43
2062 0 30 45 47
2063 0 10 17 155
2064 0 10 2 124
2065 0 10 2 29
2066 0 4 72 73
2067 0 30 88 98
2069 0 30 45 46
2068 0 30 45
2070 0 30 45 46
2071 0 4 13 14
2072 0 10 17 155
2073 0 30 45 47
2074 0 1 2 3 63 116
2075 0 1 66 67
2076 0 30 32 33 34
2077 0 30 49
2078 0 10 17 225
2079 0 1 21 83
2080 0 4 54 160
2081 0 1 21 22
2082 0 30 38
2083 0 4 72 73
2084 0 10 17 65
2085 0 35 120 145
2086 0 10 17 23
2087 0 30 45 138
2088 0 30 45 81
2089 0 1 7 8 109
2090 0 30 49
2091 0 4 54 55
2092 0 4 54 160
2093 0 10 17 18
2094 0 1 59
2095 0 10 57 58
2096 0 10 17 65
2097 0 1 7 8 9
2098 0 30 45 47
2099 0 30 32 33 34
2101 0 30 32 104
2100 0 30 32 151
2102 0 10 57 58
2103 0 30 49
2104 0 10 17 23
2105 0 30 88 186
2106 0 39 42 41
2107 0 4 72 73
2108 0 10 17 131
2109 0 1 66 90
2110 0 1 7 8 9
2111 0 1
2112 0 1 7 8 142
2114 0 35 76 77
2113 0 1 2 125 126
2115 0 39 42 43
2116 0 4 72 150
2117 0 4 72 137
2118 0 1 7 8 9
2119 0 1 7 8 142
2120 0 10 57 58
2121 0 30 32 33 34
2122 0 4 72 184
2123 0 10 2 29
2124 0 1 2 53
2125 0 39 40 41
2126 0 10 57 58
2127 0 10 17 65
2128 0 1 7 8 9
2129 0 30 32 148
2130 0 39 42 43
2131 0 10 57 58
2132 0 30 88 98
2133 0 4 72 150
2134 0 1 2
2135 0 1 66 90 176
2136 0 10 11 28
2137 0 35 36 37
2138 0 10 2 69
2139 0 1 2 3 63 9
2140 0 10 17 23
2141 0 30 32 104
2142 0 1 2 125 126
2143 0 1 2 53 74
2144 0 10 57 58
2145 0 10 57 58
2146 0 35 36 50
2147 0 1 2 3 63 9
2148 0 1 2 53 100 248
2149 0 1 66 67
2150 0 1 66 67
2151 0 10 57 58
2152 0 4 72 73
2153 0 35 120 145
2154 0 1 2 3
2155 0 1 2 36 144
2156 0 4 5 6
2157 0 30 32 105
2158 0 10 57 58
2160 0 10 57 58
2159 0 10 57 58
2161 0 30 45 70 71
2162 0 10 17 18
2163 0 4 72 73
2164 0 35 36 37
2165 0 1 17 20
2166 0 1 2 36
2167 0 1 2 3
2168 0 1 2 3
2170 0 1 2 3 63 116
2169 0 1 7 8 109
2171 0 1 66 80
2172 0 10 17 23
2173 0 10 2 19
2175 0 10 57 58
2176 0 10 57 58
2174 0 10 57 58
2177 0 10 57 178
2178 0 35 61 62
2179 0 4 5 6
2184 0 4 5 6
2183 0 4 5 6
2180 0 4 5 6
2181 0 4 5 6
2182 0 4 5 6
2185 0 1 2 3 63 9
2186 0 30 45 47
2187 0 30 45 46
2188 0 1 7 8 9
2189 0 4 5 132 171
2190 0 1 2 36 119
2191 0 4 13 162
2192 0 1 7 8 9
2193 0 1 2 3
2194 0 1 7 8 82
2195 0 39 42 43
2196 0 1 7 8 9
2197 0 1 2 36 119
2198 0 1 2 3
2199 0 10 57 58
2200 0 30 60 48
2201 0 1 7 8 82
2202 0 1 2 3 63 116
2203 0 30 32 148
2204 0 4 72 73
2205 0 1 7 8 142
2206 0 10 17 65
2207 0 30 38
2208 0 35 76 77
2209 0 10 2 69
2211 0 10 17 65
2210 0 10 17 65
2212 0 30 49
2213 0 1 7 8 142
2214 0 30 32 158 210
2215 0 30 190 38
2216 0 1 2 53 100 229
2217 0 30 32 104
2218 0 30 32 33 94
2219 0 30 32 33 34
2220 0 1 7 8 109
2221 0 4 5 132 171
2222 0 1 2 53 175
2223 0 4 5 132 171
2224 0 1 2 53 175
2225 0 4 5 6
2226 0 1 66 67
2228 0 30 32 33 94
2227 0 30 32 33 34
2229 0 30 32 104
2230 0 30 32 33 34
2231 0 1 2 53
2232 0 30 32 113
2233 0 10 57 58
2234 0 10 17 225
2235 0 10 57 78
2236 0 1 2 59
2237 0 4 5 132 171
2238 0 30 32 104
2239 0 10 11 12
2240 0 4 72 73
2241 0 30 45 70 71
2242 0 30 45 138
2243 0 1 2
2244 0 4 5 132 171
2245 0 35 36 37
2246 0 1 17 139
2247 0 4 54 211
2248 0 10 57 178
2249 0 1 2 3
2250 0 30 188 189
2251 0 1 2 53 175
2252 0 1 2 3 63 9
2253 0 30 49
2254 0 1 7 8 109
2255 0 10 57 58
2256 0 30 32 154
2257 0 1 17
2258 0 30 32 158 159
2259 0 30 32 33 34
2260 0 30 38
2261 0 39 42 43
2262 0 4 72 73
2263 0 30 32 151
2264 0 39 42 149
2265 0 1 7 8 109
2266 0 4 72 220
2267 0 30 38
2268 0 10 57 58
2269 0 10 17 18
2271 0 30 45 46
2270 0 30 45 47
2272 0 1 21 83
2273 0 4 5 132 171
2274 0 35 76 77
2275 0 4 54 56
2276 0 10 2 19
2277 0 30 45 70 169
2278 0 1 2 53
2279 0 35 61 185
2280 0 4 72 73
2281 0 4 72 108
2282 0 4 72 73
2283 0 1 7 8 9
2284 0 30 45 70 169
2285 0 10 17 65
2286 0 4 72 73
2287 0 30 32 113
2288 0 1 2 3
2289 0 30 38
2290 0 1 7 8 9
2291 0 1 66 197
2292 0 4 72 59
2293 0 4 5 27
2294 0 10 17 23
2295 0 10 57 58
2297 0 10 17 23
2296 0 10 57 58
2298 0 10 17 18
2299 0 35 76 77
2300 0 39 42 43
2301 0 1 7 8 109
2302 0 1 7 8 109
2303 0 30 49
2304 0 30 49
2305 0 4 72 73
2306 0 4 72 73
2307 0 1 7 8 82
2308 0 4 54 160
2309 0 1 2 36 144
2310 0 10 11 12
2311 0 10 17 18
2312 0 30 48
2313 0 1 7 8 109
2315 0 30 48
2314 0 30 48
2316 0 4 54 160
2317 0 10 57 58
2318 0 10 57 58
2319 0 30 48
2320 0 4 72 73
2322 0 35 36 37
2321 0 35 36 50
2323 0 4 54 237
2324 0 1 2 53
2325 0 35 76 77
2326 0 4 5 6
2327 0 1 7 8 9
2328 0 4 5 6
2329 0 30 45 70 169
2330 0 30 48
2331 0 10 57 58
2332 0 30 45 70 71
2333 0 30 45 70 169
2334 0 4 72 137
2335 0 4 72 73
2336 0 1 2 36 119
2337 0 1 2 3 123
2338 0 30 48
2339 0 30 45 46
2340 0 1 7 8 9
2341 0 35 76 77
2342 0 4 72 137
2343 0 10 57 178
2344 0 30 45 141
2345 0 10
2346 0 1 7 8 9
2347 0 39 42 43
2348 0 4 72 73
2349 0 1 7 8 109
2350 0 4 13 162
2351 0 1 7 8 9
2353 0 4 5 6
2355 0 4 5 6
2354 0 4 5 6
2352 0 4 5 6
2356 0 4 5 6
2357 0 35 76 77
2358 0 4 5 6
2359 0 4 5 6
2360 0 4 5 6
2361 0 4 5 6
2362 0 4 72 73
2363 0 4 72 73
2364 0 10 17 65
2365 0 1 2 3 63 9
2366 0 35 36 37
2367 0 4 72 73
2368 0 1 7 8 142
2369 0 1 2 53 74
2370 0 1 2 53
2371 0 30 45 81
2377 0 1 2 26
2374 0 1 2 36
2376 0 1 2 36 144
2372 0 1 2 3 63 9
2379 0 1 2 36 119
2378 0 1 2 125 126
2375 0 1 2 36 144
2373 0 1 2 3 63 9
2380 0 4 5 6
2381 0 30 49
2382 0 30 38
2384 0 4 5 6
2383 0 10 24
2385 0 10 17 23
2388 0 10 11 12
2387 0 10 17 23
2386 0 10 2 19
2389 0 10 57 58
2390 0 4 5 6
2391 0 4 5 6
2392 0 4 72 73
2393 0 4 72 73
2394 0 30 38
2395 0 30 48
2396 0 1 7 8 9
2397 0 4 72 137
2398 0 4 72 137
2399 0 4 72 73
2400 0 10 57 58
2401 0 10 57 58
2402 0 1 2
2403 0 4 110 111
2404 0 1 2 53 100 229
2405 0 10 57 58
2406 0 4 72 73
2407 0 4 72 150
2408 0 4 72 73
2409 0 4 5 201 202
2410 0 35 36 37
2411 0 30 48
2412 0 30 48
2413 0 1 2 3
2414 0 30 32 105
2415 0 1 2 36
2416 0 4 72 137
2417 0 30 32 33 34
2420 0 10 2 64
2419 0 10 2 19
2418 0 4 5 6
2422 0 4 5 6
2423 0 30 45 70 71
2421 0 4 5 6
2424 0 10 2 19
2425 0 4 72 73
2426 0 4 72 73
2428 0 1 21 22 143
2427 0 1 21 22 143
2429 0 35 36 50
2430 0 10 57 178
2431 0 30 48
2432 0 4 72 150
2433 0 4 72 59
2434 0 4 5 201 202
2435 0 4 5 6
2436 0 4 72 59
2437 0 30 45 70 169
2438 0 35 120 121
2439 0 4 72 73
2440 0 1 17
2441 0 4 5 27
2442 0 1 2 53 100 101
2443 0 1 2 53 127
2444 0 35 61 122
2445 0 10 2 69
2446 0 10 17 23
2447 0 10 2 64
2448 0 10 57 58
2449 0 10 57 78
2450 0 4 72 199
2451 0 10 2 64
2452 0 30 49
2453 0 30 32 104
2454 0 10 57 78
2455 0 30 31
2456 0 1 7 8 9
2457 0 10 57 58
2458 0 1 66 67
2459 0 10 16
2460 0 4 72 150
2461 0 4 72 73
2462 0 10 57 58
2463 0 1 2
2464 0 35 36 50
2465 0 30 45 47
2466 0 30 38
2467 0 30 45 93
2468 0 4 72 87
2469 0 4 72 73
2471 0 1 2 167 168
2470 0 1 2 36 119
2472 0 30 38
2473 0 30 48
2475 0 30 48
2474 0 30 45 46
2477 0 30 32 33 94
2476 0 30 32 104
2478 0 30 38
2479 0 30 38
2481 0 30 48
2480 0 1 7 8 9
2482 0 30 45 46
2483 0 4 72 73
2484 0 30 32 148
2485 0 10 2 29
2486 0 4 72 150
2487 0 4 72 150
2488 0 1 2 125 126
2489 0 1 2 53 127
2492 0 1 2 36 144
2490 0 1 2 36
2491 0 1 2 36
2493 0 35 36 37
2494 0 4 5 6
2495 0 4 72 220
2496 0 4 72 73
2497 0 1 2 36
2499 0 4 5 6
2498 0 4 5 6
2500 0 4 5 6
2501 0 10 17 18
2502 0 10 17 23
2504 0 10 11 12
2503 0 10 2 69
2505 0 1 7 8 82
2506 0 1 2 3 129
2507 0 1 7 8 9
2509 0 1 2 3 63 9
2508 0 1 2 3
2510 0 1 7 8 9
2511 0 1 2 36 119
2512 0 30 88 186
2513 0 10 17 23
2514 0 4 5 6
2515 0 30 38
2516 0 1 7 8 142
2517 0 30 38
2518 0 30 48
2519 0 1 2
2520 0 1 2 53 100 101
2521 0 1 2 53
2522 0 1 2 53 100 240
2523 0 1 2 53 100 101
2524 0 1 2 53 74
2525 0 4 5 132 133
2526 0 1 2
2527 0 1 2 36 130
2528 0 1 2 3
2529 0 35 36 37
2530 0 1 2 36 117
2531 0 30 32 158 200
2532 0 30 38
2533 0 30 45 47
2534 0 30 45 47
2535 0 1 2 3
2536 0 30 48
2537 0 30 38
2538 0 10 57 92
2539 0 1 21 22
2540 0 30 45 47
2541 0 35 76 77
2542 0 4 72 73
2543 0 35 36 37
2544 0 35 36 37
2545 0 1 2 53 74
2546 0 1 2
2547 0 30 32 148
2548 0 10 16
2549 0 10 57 178
2550 0 30 45 46
2551 0 4 72 87
2552 0 4 72 73
2553 0 1 7 8 109
2554 0 35 36 37
2555 0 1 2 53 74
2556 0 35 76 77
2557 0 30 32 33 34
2558 0 10 2 19
2559 0 1 2 3
2560 0 4 54 95
2561 0 1 2
2562 0 30 48
2563 0 10 57 58
2564 0 1 21 83
2565 0 35 61 62
2566 0 30 45 70 169
2567 0 1 2 53
2568 0 30 38
2569 0 30 38
2570 0 30 38
2571 0 30 38
2572 0 30 38
2573 0 10 2 69
2574 0 30 38
2575 0 30 38
2576 0 1 66 80
2577 0 30 48
2578 0 10 11 15
2579 0 1 7 8 109
2581 0 1 2 3 63 9
2580 0 10 57 58
2582 0 4 5 132 133
2583 0 1 21 22 143
2584 0 35 36 37
2585 0 10 57 58
2586 0 4 5 6
2587 0 30 32 158 200
2588 0 4 5 201 212
2589 0 30 32 33 94
2590 0 1 21 83
2591 0 4 5 132 171
2592 0 30 49
2593 0 10 17 23
2594 0 10 57 58
2595 0 10 57 58
2599 0 30 38
2598 0 30 38
2604 0 30 48
2606 0 30 49
2608 0 30 38
2605 0 30 48
2597 0 30 38
2600 0 30 38
2607 0 30 48
2603 0 30 48
2596 0 30 38
2601 0 30 48
2602 0 30
2609 0 30 49
2610 0 1 66 80
2611 0 30 32 113
2612 0 4 5 132 133
2613 0 30 45 47
2614 0 4 72 59
2615 0 4 72 73
2616 0 10 57 58
2617 0 30 45 70 169
2618 0 10 57 58
2619 0 10 57 78
2620 0 1 7 8 109
2621 0 4 5 132 171
2622 0 1 7 8 109
2623 0 10 57 58
2624 0 10 57 58
2625 0 10 57 58
2626 0 4 72 73
2627 0 30 48
2628 0 30 38
2629 0 1 2 36
2630 0 1 2 3 63
2631 0 35 76 77
2632 0 10 11 207
2633 0 30 31
2634 0 4 72 73
2635 0 30 60 84
2636 0 4 72 73
2637 0 4 72 73
2638 0 1 7 8 9
2639 0 1 2 3
2640 0 4 72 137
2641 0 1 7 8 142
2642 0 10 17 18
2643 0 1 2 36
2644 0 4 13 162
2645 0 10 24
2646 0 1 7 8 9
2647 0 1 66 90
2648 0 1 66 90 91
2649 0 4 72 73
2650 0 4 72 73
2651 0 10 57 58
2652 0 30 49
2653 0 30 48
2654 0 30 32 33 94
2655 0 1 2 36 144
2656 0 1 2 36
2657 0 1 2 125 126
2658 0 4 72 73
2659 0 30 45 70 169
2660 0 30 32 33 94
2661 0 10 2 124
2662 0 4 13 162
2664 0 1 2 3
2663 0 1 7 8 9
2665 0 4 72 73
2666 0 30 45 70 169
2667 0 1 2 3 63 9
2668 0 1 2 3
2669 0 1 2 53 74
2670 0 1 2 53 74
2671 0 30 45 47
2672 0 30 45 47
2673 0 30 88 89
2674 0 4 5 6
2675 0 1 2 3 63 9
2676 0 10 57 78
2677 0 10 17 23
2678 0 1 17 203
2679 0 30 32 113
2680 0 4 72 73
2681 0 10 2 69
2682 0 4 13 14
2683 0 1 2 3 123
2684 0 30 45 70 71
2685 0 30 45 70 169
2686 0 10 17 23
2687 0 4 5 6
2688 0 1 7 8 9
2689 0 4 5 6
2690 0 1 7 8 142
2691 0 4 72 150
2692 0 35 61 196
2693 0 4 72 73
2694 0 30 32 148
2695 0 4 72 73
2696 0 30 60 84
2697 0 10 57 78
2698 0 4 54 97
2699 0 4 72 73
2700 0 35 36 50
2701 0 4 5 132 171
2702 0 10 57 78
2703 0 4 72 87
2704 0 30 32 158 200
2705 0 4 72 73
2706 0 10 57 78
2707 0 4 72 220
2708 0 4 54 95
2709 0 10 57 78
2710 0 1 2 3
2711 0 10 57 92
2712 0 30 45 70 169
2714 0 30 32 33 34
2713 0 30 32 33 34
2715 0 4 72 108
2716 0 10 57 58
2717 0 10 57 219
2718 0 10 57 58
2719 0 1 2 36 119
2720 0 1 7 8 142
2721 0 1 7 8 9
2722 0 10 2 124
2723 0 4 5 132 171
2724 0 1 2 86
2725 0 10 57 58
2726 0 30 32 158 200
2727 0 4 54 211
2728 0 4 54 160
2729 0 30 32 104
2730 0 4 5 27
2731 0 1 7 8 142
2732 0 10 2 124
2733 0 35 76 77
2734 0 4 5 132 171
2735 0 10 2 19
2736 0 10 17 65
2737 0 1 17
2738 0 10 17 131
2741 0 30 38
2739 0 30 48
2740 0 30 49
2742 0 30 38
2743 0 10 11 12
2744 0 10 17 18
2745 0 30 32 158 170
2746 0 30 32 158 170
2747 0 10 17 18
2748 0 10 24
2749 0 10 57 58
2750 0 1 7 8 9
2752 0 1 21 22 143
2751 0 1 21 22 143
2753 0 30 45 70 169
2756 0 1 2 59
2754 0 10 17 65
2757 0 1 7 8 9
2755 0 1 2 3
2758 0 1 2 125 126
2759 0 1 2 53 74
2760 0 30 32 33 34
2761 0 30 45 51
2762 0 10 57 58
2763 0 10 57 58
2764 0 1 66 90
2765 0 10 57 58
2766 0 1 7 8 9
2767 0 4 72 73
2768 0 4 72 73
2769 0 4 54 55
2770 0 4 72 73
2771 0 1 7 8 9
2772 0 4 54 160
2773 0 30 45 70 71
2775 0 1 7 8 9
2777 0 1 7 8 9
2776 0 1 2 3 63 9
2774 0 1 7 8 9
2778 0 1 21 83
2779 0 30 32 158 170
2780 0 1 7 8 142
2781 0 1 2 36 119
2782 0 1 2 3
2783 0 1 2 3 63 9
2784 0 30 60 45
2788 0 30 48
2786 0 30 38
2790 0 30 48
2789 0 30 45 141
2791 0 30 48
2793 0 30 38
2787 0 30 48
2795 0 1 2 86
2794 0 30 45 47
2797 0 1 2 36 119
2792 0 30 45 81
2798 0 1 7 8 109
2796 0 1 7 8 109
2785 0 30 38
2799 0 4 72 137
2800 0 10 57 58
2801 0 4 72 108
2802 0 4 72 73
2803 0 10 11 28
2804 0 1 21 83
2806 0 4 5 6
2805 0 4 5 27
2807 0 30 38
2808 0 1 2
2810 0 4 72 73
2809 0 4 72 73
2811 0 30 32 158 210
2812 0 4 72 220
2813 0 30 32 158 210
2814 0 1 66 80
2815 0 1 2 36
2816 0 30 38
2817 0 30 38
2821 0 30 38
2823 0 30 38
2822 0 30 38
2818 0 30 48
2826 0 30 45 47
2824 0 30 45 47
2831 0 30 38
2837 0 30 49
2833 0 30 38
2825 0 30 45 47
2834 0 30 38
2820 0 30 49
2835 0 30 48
2828 0 35 76 77
2838 0 35 36 37
2832 0 30 45 46
2819 0 30 49
2827 0 30 45 47
2830 0 30 38
2836 0 30 45 46
2829 0 30 38
2839 0 35 36 37
2840 0 30 32 148
2842 0 1 7 8 109
2841 0 1 7 8 109
2843 0 30 38
2844 0 1 66 80
2846 0 30 48
2845 0 30 48
2847 0 30 48
2848 0 30 38
2849 0 30 32 104
2850 0 1 7 8 9
2851 0 10 17 23
2852 0 1 2 86
2853 0 4 72 73
2854 0 1 7 8 109
2856 0 30 38
2862 0 35 76 77
2861 0 35 76 77
2859 0 30 45 141
2860 0 10 85 17
2855 0 30 45 46
2857 0 1 2 36
2858 0 30 48
2863 0 30 32 104
2864 0 30 31
2865 0 10 17 23
2866 0 1 2 3 63 9
2867 0 35 36 50
2868 0 30 32 158 200
2869 0 30 32 158 200
2870 0 10 57 58
2871 0 4 13 14
2872 0 30 38
2873 0 4 5 27
2874 0 1 2 53 100 101
2875 0 30 32 158 200
2876 0 10 11 12
2877 0 10 57 58
2878 0 30 32 79
2879 0 30 38
2881 0 30 48
2880 0 30 48
2883 0 30 48
2882 0 30 49
2884 0 1 2 3
2886 0 10 57 78
2885 0 4 72 73
2887 0 10 2 124
2888 0 4 13 14
2889 0 10 11 12
2890 0 1 2 3
2891 0 10 17 18
2892 0 1 17
2893 0 30 45 70 71
2894 0 1 7 8 142
2895 0 30 32 158 170
2896 0 1 2 3 63 9
2897 0 10 2 29
2898 0 30 49
2899 0 30 32 158 200
2900 0 4 72 73
2901 0 1 66 90 176
2902 0 35 61 62
2903 0 30 32 105
2904 0 30 32 33 34
2908 0 30 32 104
2905 0 30 32 33 94
2907 0 30 32 33 34
2906 0 30 32 113
2909 0 1 2 3 63 116
2910 0 30 88 98
2911 0 4 5 27
2912 0 30 32 158 200
2913 0 30 32 158 200
2914 0 10
2915 0 30 32 179
2916 0 10 57 178
2917 0 4 5 27
2918 0 1 2
2919 0 30 32 158 210
2920 0 30 32 158 200
2921 0 30 32 158 200
2922 0 30 31
2923 0 10 57 178
2924 0 4 5 6
2925 0 4 5 6
2926 0 10 57 92
2927 0 1 7 8 9
2928 0 4 72 73
2929 0 1 2 86
2930 0 30 45 141
2931 0 1 2 3 63 116
2932 0 30 49
2933 0 35 61 185
2934 0 4 72 73
2935 0 1 17 223
2936 0 30 32 158 200
2937 0 30 32 158 200
2938 0 30 32 106
2939 0 1 2 86
2940 0 1 7 8 142
2941 0 1 2 86
2942 0 1 2 3 63 116
2943 0 10 57 58
2944 0 30 32 158 200
2945 0 4 72 73
2946 0 10 57 58
2947 0 30 45 70 71
2948 0 10 57 58
2949 0 4 13 162
2950 0 30 38
2951 0 1 2 53 175
2952 0 4 5 6
2953 0 10 57 58
2954 0 1 2
2955 0 1 17 82
2956 0 4 5 6
2957 0 1 2 53 175
2958 0 30 32 33 34
2959 0 4 5 27
2960 0 30 190 9
2961 0 10 2 19
2963 0 1 2 3
2962 0 1 2 3
2965 0 4 5 6
2964 0 4 5 6
2966 0 1 7 8 82
2967 0 35 120 145
2968 0 1 7 8 82
2969 0 35 61 185
2970 0 1 7 8 142
2971 0 1 147
2972 0 1 7 8 142
2973 0 30 32 158 200
2974 0 1 2 86
2975 0 30 49
2976 0 30 32 158 200
2977 0 1 7 8 82
2978 0 1 2 36 144
2979 0 1 7
2980 0 10 2 25
2981 0 4 5 132 133
2982 0 30 49
2983 0 4 5 6
2984 0 30 48
2985 0 10 17 65
2986 0 1 2 125 140
2987 0 1 2 36
2988 0 30 60 38
2989 0 1 2 86
2990 0 30 60 84
2991 0 4 5 6
2992 0 30 45 47
2993 0 30 32 104
2994 0 30 88 98
2995 0 1 2 53 74
2996 0 1 17 234
2997 0 1 2 3 63 116
2998 0 1
2999 0 4 72 174
3000 0 1 7 8 109
3001 0 1 2 3 63 116
3002 0 1 2 53 74
3003 0 1 66 90 176
3004 0 1 2 3 63 9
3005 0 1 66 80
3006 0 1 2 86
3007 0 1 2 125 126
3008 0 4 5 6
3009 0 1 7 8 109
3010 0 1 7 8 109
3011 0 1 2 53 74
3012 0 1 7 8 9
3013 0 1 17 234
3014 0 1 7 8 142
3015 0 1 17 234
3016 0 30 45 70 169
3017 0 1 2 86
3018 0 4 72 87
3019 0 1 2 86
3020 0 39 42 52
3027 0 30 48
3023 0 30 38
3026 0 30 45 46
3032 0 1 2 36 130
3029 0 30 38
3025 0 30 38
3031 0 30 45 47
3022 0 30 38
3024 0 30 38
3030 0 30 45
3033 0 35 36 50
3028 0 30 48
3034 0 35 36 50
3021 0 30 38
3035 0 1 2 86
3036 0 1 2
3037 0 1 2 86
3038 0 30
3039 0 30 48
3040 0 30 38
3041 0 1 17 234
3042 0 1 2 36 144
3043 0 1 2 3 63 9
3044 0 1 7 8 109
3045 0 1 7 8 109
3046 0 1 2 3 63 9
3047 0 1 2 3 63 116
3048 0 1 2 125 140
3049 0 1 2 86
3052 0 30 48
3050 0 30 45 81
3051 0 30 38
3053 0 30 48
3055 0 30 38
3054 0 30 49
3056 0 30 48
3057 0 1 7 8 9
3058 0 10 2 19
3059 0 4 5 6
3061 0 35 36 50
3064 0 30 38
3060 0 35 36 50
3062 0 30 38
3063 0 35 36 50
3065 0 1 2 86
3066 0 4 72 73
3067 0 1 2 3 63 9
3068 0 30 49
3069 0 1 2 86
3070 0 1 17 234
3071 0 35 36 50
3072 0 1 66 90
3073 0 1 2 53 74
3074 0 1 2 86
3075 0 1 2 125 140
3076 0 1 2 36 119
3077 0 1 2 86
3078 0 10 17 65
3079 0 35 76 77
3080 0 30 190 48
3081 0 1 2 3
3082 0 1 2
3083 0 30 38
3084 0 35 61 122
3085 0 35 76 208
3086 0 1 17 209
3087 0 1 2 86
3088 0 1 2 86
3089 0 4 54 97
3090 0 30 48
3091 0 1 17 139
3092 0 1 2 3 63 9
3093 0 30 45 141
3094 0 1 2 53 74
3095 0 1 2 86
3096 0 1 2 36 117
3097 0 1 7 8 109
